31444
56207
28320
33906
24823
58437
19739
69502
57253
25499
66859
11084
43256
16786
1344
77231
10864
47387
19998
58283
57466
62999
70115
85633
77828
71963
95273
37788
32164
72502
59310
94968
196
52710
28043
11327
79140
24229
55117
69885
22225
60894
13264
249
31629
50496
64411
18368
36910
27803
39341
44046
29230
1769
12299
66256
10897
77505
8427
18197
2555
4068
48285
83670
31938
10661
15600
93995
1785
35437
73496
6810
95233
69884
46969
19478
12672
36334
51469
84942
40910
93083
84321
71591
55572
24825
40769
19057
72140
61376
56673
28073
4513
7215
80982
16667
78417
42184
64802
48830
61193
38228
53879
58318
49529
66386
43824
64810
2037
9976
80037
8079
22865
39281
8331
88393
85593
46206
17325
70527
13722
96819
14461
53042
53386
58678
753
45743
67711
89699
23368
17556
34084
3223
38280
9049
27431
54087
74341
34513
86045
92635
48335
912
68293
66080
55433
58136
7107
6667
63871
45712
31262
46393
6204
19992
27388
20866
19569
46968
81835
40448
79846
90668
106
46233
2509
97799
19884
68540
40245
37840
85479
65751
29422
32683
97594
61791
56250
38136
91886
4367
45700
44593
76661
13742
11210
13200
55070
60003
95480
25554
16207
26452
21876
36378
88377
28094
26366
89497
77914
2377
17533
18434
65382
30761
75821
59928
66789
93993
17280
14663
26550
94033
63124
81783
46000
33541
51023
76726
63974
53156
22925
87737
92052
21370
21565
28613
72509
82750
86091
41485
25427
77915
21291
46336
91526
90473
5622
40326
91145
26018
27722
48153
48141
80486
65593
3623
63134
79968
74778
54684
72470
39122
66045
1623
51614
35076
5432
47370
92044
96772
44901
93099
91514
9452
216
15448
22174
69213
37360
19858
73703
4061
20064
85037
51961
77037
76025
66228
79133
89168
36373
68259
48593
55820
57534
64847
66034
89196
95869
21119
9857
24549
55431
17210
12539
81014
58813
71878
6895
67860
40289
31089
82454
62811
99800
36425
86661
96768
56945
50047
28324
91242
79338
81640
25217
64499
78272
30537
56557
61077
32050
56991
84202
11020
54868
19233
70365
88009
51267
44358
40764
65742
53802
60158
87522
67938
50018
22034
58657
65815
25306
5403
32172
5232
11659
27596
52701
27780
34240
81519
46550
70173
71332
37683
44981
85135
83261
58020
18876
79772
30759
54249
47334
74044
8479
65621
99144
3869
99282
15777
2595
85588
50481
93100
10298
63816
52342
83616
20842
7561
9351
19827
25297
2246
98562
65409
35634
29258
59159
66174
74581
50494
92171
79952
58640
85610
65121
28550
32310
28267
92055
68054
77731
99057
14363
11623
6451
64094
60156
62143
86008
75061
23944
22482
88733
42206
67181
80638
60558
47100
46361
40235
96539
7065
66134
40591
26072
45600
36132
66063
96890
36584
68454
3456
53580
98246
28046
1231
24239
87992
55823
94191
18678
56032
64623
29728
65421
74411
24943
99400
16596
43650
25299
53480
65469
26883
27271
21975
88451
82406
52897
25476
44057
74823729
46741
73011
76077
33710
13140
30182
53862
29263
19555
94821
31556
754
90184
84953
92689
89692
28010
68196
94804
46227
88845
650
498
13419
56483
54300
40979
56307
14919
93601
88835
13636
41449
86639
